2017 214  0   3.6  -3.8   3.9  204650.   4.7  421.   8.5  -6.7
2017 214  1   4.9  -6.1   2.9  101435.   3.1  418.   6.7  -6.2
2017 214  2   5.2  -6.6   3.1   58140.   2.6  406.   5.0  -5.6
2017 214  3   4.3  -7.4   2.6   58714.   3.4  396.   2.8  -4.4
2017 214  4   4.6  -7.5   2.3   31608.   2.3  386.   1.4  -2.6
2017 214  5   5.8  -5.4   2.9   48137.   5.2  372.   1.0  -1.8
2017 214  6   6.4  -3.4   3.2   49575.   4.9  364.  -0.3  -1.0
2017 214  7   1.6  -4.5   0.0   65210.   5.2  369.  -0.7  -1.6
2017 214  8  -3.7  -3.9  -1.3  111654.   4.7  397.  -0.8  -2.8
2017 214  9  -1.1  -4.1  -1.1  106265.   4.3  399.   0.9  -2.9
2017 214 10   4.8  -0.6   1.2  151707.   3.7  419.   2.8  -3.4
2017 214 11   2.8  -1.4  -1.3  152930.   3.3  427.   3.6  -2.2
2017 214 12  -1.4  -1.5  -0.2  123634.   3.5  404.   4.7  -3.5
2017 214 13  -2.5   2.3  -1.6  113961.   4.0  402.   4.2  -4.1
2017 214 14  -1.5   0.8  -2.9  126887.   5.4  394.   4.6  -4.6
2017 214 15  -2.3  -4.4  -0.8   97504.   4.7  394.   1.8  -3.5
2017 214 16  -1.0  -4.3   0.9   90393.   3.3  393.  -0.4  -2.0
2017 214 17  -0.1  -1.4   0.3  104432.   3.7  384.   1.5  -2.4
2017 214 18  -1.9  -0.4  -1.2   89541.   4.1  387.   1.9  -3.8
2017 214 19  -0.5  -3.2  -1.0   90466.   4.2  386.   1.2  -4.0
2017 214 20   1.7  -4.2  -0.1   52966.   2.7  364.  -0.5  -3.8
2017 214 21   2.2  -4.6   0.5   39187.   2.5  359.  -1.6  -2.5
2017 214 22   1.5  -4.8  -0.2   33397.   3.4  359.  -1.7  -3.6
2017 214 23   1.7  -4.2   0.1   29483.   4.1  355.  -0.8  -2.6
2017 215  0   1.6  -4.2  -0.5   26603.   3.1  351.  -1.0  -2.5
2017 215  1   1.2  -3.7  -1.3   25813.   3.3  350.  -0.5  -3.2
2017 215  2   1.1  -3.6  -1.4   21778.   3.0  348.  -0.6  -3.6
2017 215  3   1.1  -3.3  -0.8   27055.   3.4  348.  -0.0  -3.2
2017 215  4   1.9  -2.6  -1.1   22433.   2.9  340.   0.1  -2.9
2017 215  5   1.8  -2.8  -1.6   17911.   2.6  340.  -0.3  -4.0
2017 215  6   2.2  -2.7  -0.9   20733.   2.8  341.  -0.5  -3.4
2017 215  7   1.8  -3.0  -0.5   21386.   3.2  345.  -0.8  -2.4
2017 215  8   1.8  -2.9  -0.4   21096.   3.7  344.  -0.8  -2.2
2017 215  9   1.9  -2.7  -0.4   22383.   4.8  342.  -0.7  -1.7
2017 215 10   2.7  -2.2   0.4   20586.   3.2  336.  -0.9  -0.7
2017 215 11   3.7  -3.0   2.6   31010.   4.4  355.  -2.4   2.6
2017 215 12   2.3  -3.2   0.5   46322.   6.0  366.  -2.0   1.7
2017 215 13   0.6  -4.7  -1.2   56061.   7.4  382.  -1.6  -0.5
2017 215 14  -1.0  -4.9  -4.0   53241.   8.4  390.  -1.6  -0.4
2017 215 15   0.9  -3.8  -4.7   54705.   8.8  390.  -2.5  -0.7
2017 215 16  -1.0  -4.2  -7.8   42807.  11.0  404.  -1.6  -3.0
2017 215 17   0.2  -8.9  -0.8   58589.  12.3  402.  -4.2  -0.2
2017 215 18   2.2  -7.6  -3.7   59984.  16.0  391.  -4.1  -2.4
2017 215 19  -0.8  -7.9  -7.0   64975.  18.4  399.  -3.5  -2.0
2017 215 20   3.9 -10.2  -0.8   64215.  22.0  402.  -4.4  -1.3
2017 215 21   5.8 -12.3  -3.4   43030.  19.0  416.  -1.9  -2.3
2017 215 22   6.4 -14.4   1.2   27948.  22.6  423.  -2.0  -3.3
2017 215 23   6.5 -13.6   5.4   35019.  35.3  420.  -4.1  -3.3
2017 216  0   6.1 -12.2   9.8   46013.  37.7  410.  -5.0  -4.1
2017 216  1   6.1  -9.9  12.1   33962.  43.8  403.  -5.2  -4.5
2017 216  2   2.5  -4.0  16.8   47134.  38.3  398.  -7.6  -4.9
2017 216  3   1.9  -0.8  18.1   45085.  35.5  407.  -6.0  -0.6
2017 216  4   3.1  -1.6  17.6   64863.  33.3  424.  -2.7   0.2
2017 216  5  -2.1   0.2   9.6  320205.  14.2  432.  -3.2   2.4
2017 216  6  -6.1   9.4   4.8  292421.  11.8  430.  -1.8   2.2
2017 216  7 -10.4  10.7   0.5  237326.  13.4  454.   0.6   0.0
2017 216  8  -3.5  15.9  -1.8  380008.  10.0  510.   3.1   0.2
2017 216  9  -5.0  10.5   4.9  517591.  10.0  553.   5.1  -3.9
2017 216 10  -7.5   8.9  -5.5  552593.  11.1  583.   4.9  -2.9
2017 216 11  -7.6   6.1   3.2  411148.   7.6  605.   1.8  -5.5
2017 216 12  -8.1   6.9  -0.9  377709.   6.2  622.   1.5  -5.6
2017 216 13  -4.9  -1.0  -5.0  353789.   6.2  642.   5.4  -4.2
2017 216 14  -2.0   5.3   3.7  315406.   5.5  697.   1.1  -7.2
2017 216 15  -1.6  -1.0  -3.1  319395.   4.2  711.   3.9  -1.5
2017 216 16  -3.9  -2.5   1.4  280260.   4.6  690.   5.0  -4.0
2017 216 17  -3.3   1.8   4.8  262768.   4.6  690.   2.5  -6.3
2017 216 18  -5.3   2.2   3.1  235145.   4.4  662.   2.4  -4.7
2017 216 19  -5.2   2.4  -0.2  227776.   3.7  647.   2.1  -1.3
2017 216 20  -3.4   4.2  -0.7  201712.   3.3  655.   0.3  -0.1
2017 216 21  -4.2   3.1   1.9  214170.   3.1  649.   0.6  -2.4
2017 216 22  -2.8   2.4   0.5  248461.   2.9  674.   1.3  -1.5
2017 216 23  -3.3   2.1   1.4  242502.   2.7  668.   1.2  -2.8
2017 217  0  -3.7   2.2   0.7  211842.   2.5  663.   0.6  -2.5
2017 217  1  -4.1   0.4   1.7  224262.   2.6  661.   3.0  -3.3
2017 217  2  -3.3   3.5  -0.5  229437.   2.8  664.   0.2  -1.2
2017 217  3  -3.7   2.6  -1.3  209097.   2.8  659.   0.5  -0.1
2017 217  4  -1.6   0.9  -2.3  245787.   2.8  690.   1.4  -0.2
2017 217  5  -3.4   0.5   0.5  244881.   2.7  673.   1.2  -3.0
2017 217  6  -0.6   2.4  -1.1  236287.   2.7  701.  -0.1  -1.2
2017 217  7  -1.5   2.9   1.3  208718.   2.4  692.  -1.0  -3.1
2017 217  8  -2.6   2.4   1.1  181725.   2.3  677.  -0.9  -2.4
2017 217  9  -3.2   1.6   0.2  185256.   2.2  666.  -0.3  -1.3
2017 217 10  -3.6   0.2  -0.4  212477.   2.1  658.   1.3  -0.4
2017 217 11  -2.8  -1.2  -1.4  197080.   2.4  676.   2.6   0.3
2017 217 12  -3.6   0.4  -0.6  200096.   2.2  662.   1.1   0.2
2017 217 13  -2.3   2.4  -1.0  197449.   2.4  672.  -0.2   0.1
2017 217 14  -2.5   0.9  -1.9  197594.   2.7  669.   0.8   0.6
2017 217 15  -3.9  -1.0  -0.2  186297.   2.8  655.   2.5  -0.4
2017 217 16  -1.8   1.9  -1.1  185447.   2.8  670.   0.1  -0.0
2017 217 17  -1.3   3.0  -1.6  207259.   3.0  675.  -0.4   0.4
2017 217 18  -0.4   3.8   0.4  184874.   3.1  680.  -1.4  -0.9
2017 217 19  -3.6  -0.1   0.3  206658.   2.8  650.   1.4  -0.8
2017 217 20  -1.4   2.8  -0.7  221606.   2.9  666.  -0.8   0.1
2017 217 21  -1.5   2.7  -1.1  230776.   2.9  665.  -0.6   0.6
2017 217 22  -1.0   2.2  -2.2  223183.   2.9  666.  -0.2   1.9
2017 217 23  -4.0  -0.3   0.5  200573.   2.8  627.   1.9  -0.0
2017 218  0  -4.8   1.5  -0.1  168297.   2.8  606.  -0.2   0.5
2017 218  1  -3.8   1.2   1.7  172911.   2.8  616.   0.4  -2.0
2017 218  2  -3.6   2.5   2.1  217955.   2.7  622.  -0.1  -2.1
2017 218  3  -3.3   0.4  -1.2  219362.   2.7  631.   1.6   1.1
2017 218  4  -4.1   1.4  -0.1  211862.   2.2  611.   1.3   0.7
2017 218  5  -5.3  -1.2   1.1  193552.   2.2  599.   4.5  -1.2
2017 218  6  -4.2   0.5   2.4  209070.   2.9  621.   2.3  -2.0
2017 218  7  -1.3  -2.3   0.8  252299.   3.6  663.   3.2  -0.4
2017 218  8  -4.4   1.1  -0.3  243214.   3.6  638.   1.5   1.2
2017 218  9  -3.6   3.7  -0.7  229502.   3.6  626.  -0.1   0.5
2017 218 10  -2.9   1.2   1.4  227287.   3.0  631.   1.3  -0.6
2017 218 11  -2.6   1.3  -0.1  200051.   2.7  636.   1.8   0.6
2017 218 12  -0.4   3.5  -1.0  180273.   2.7  645.   0.2   0.6
2017 218 13  -2.5   2.4  -1.9  158781.   2.4  629.   0.3   1.1
2017 218 14  -4.2   0.8  -1.4  158142.   2.3  612.   1.8   1.1
2017 218 15  -4.3  -0.2  -1.3  128280.   2.2  608.   2.5   1.1
2017 218 16  -4.0  -0.4  -0.1  122318.   2.3  613.   2.7  -0.1
2017 218 17  -4.1   0.1   0.6  122148.   2.3  609.   2.3  -0.6
2017 218 18  -4.3  -0.5   1.2  107376.   2.1  594.   2.5  -1.3
2017 218 19  -3.2   2.1   0.9  109060.   2.1  594.   0.6  -1.1
2017 218 20  -3.3   2.8  -0.0   99150.   2.1  588.  -0.7  -0.3
2017 218 21  -3.7   1.8  -0.2   93341.   1.8  578.   0.2   0.0
2017 218 22  -3.6   0.8   0.3  128578.   2.4  578.   2.2  -0.9
2017 218 23  -3.6   1.0  -0.4   98746.   1.9  564.   2.4  -0.6
2017 219  0  -3.5   1.7   0.3   92978.   1.8  562.   1.5  -0.9
2017 219  1  -3.3   2.0   0.4   95092.   1.9  550.   0.9  -0.7
2017 219  2  -3.3   1.9   0.5   96445.   2.0  540.   0.2  -0.9
2017 219  3  -2.7   2.5   0.9   91938.   2.0  541.  -0.3  -1.4
2017 219  4  -4.0   0.8   0.9   70980.   1.7  516.   0.1  -2.0
2017 219  5  -3.7   1.1   1.2   88947.   2.3  524.   0.1  -1.5
2017 219  6  -3.1   0.5   0.3  108417.   2.6  520.   0.3  -1.1
2017 219  7  -1.4   0.8   0.1  102479.   2.9  523.   0.1  -0.9
2017 219  8  -1.4   1.4  -0.7  104226.   3.2  510.   0.3  -0.9
2017 219  9  -2.9   0.4   0.4   88100.   2.8  511.   0.2  -1.2
2017 219 10  -2.8  -0.4   1.0   83494.   3.2  506.   0.5  -1.4
2017 219 11  -2.9   0.3   0.7   94772.   3.4  500.   0.4  -1.7
2017 219 12  -3.1   0.2  -0.4   90547.   3.2  495.   0.3  -1.2
2017 219 13  -3.3   0.5  -0.5   83258.   3.2  489.  -0.3  -1.3
2017 219 14  -2.9   1.0  -0.0   74179.   3.0  489.  -1.3  -1.8
2017 219 15  -2.0   2.1  -0.3   73071.   3.5  484.  -1.3  -2.0
2017 219 16  -2.9   1.3  -0.2   69903.   3.4  474.  -0.8  -2.0
2017 219 17  -2.5   1.2   0.5   68592.   3.2  471.  -0.1  -2.3
2017 219 18  -2.7   0.9   0.2   65740.   3.1  466.   0.3  -2.1
2017 219 19  -2.7   1.5  -0.8   69226.   3.1  465.   0.1  -0.9
2017 219 20  -3.1   0.1  -0.4   65278.   2.7  463.   0.9  -1.2
2017 219 21  -3.1   0.6   0.3   69761.   2.5  456.   0.8  -1.3
2017 219 22  -2.8   0.8   0.0   75940.   2.5  459.   1.0  -1.2
2017 219 23  -2.8   0.8   0.7   75145.   2.5  460.   1.1  -1.1
2017 220  0  -3.2   0.6   0.4   71894.   2.2  459.   1.0  -1.4
2017 220  1  -3.3  -0.2   0.2   66607.   2.2  452.   1.4  -1.6
2017 220  2  -3.2   1.6   0.5   77587.   2.6  456.  -0.4  -1.7
2017 220  3  -3.6   0.4   0.9   68489.   2.2  446.   0.9  -2.4
2017 220  4  -3.7   0.1   1.3   70017.   2.6  446.   1.4  -2.2
2017 220  5  -3.9  -0.5   1.1   64302.   2.8  448.   1.4  -1.8
2017 220  6  -4.0   0.1   0.6   57215.   2.5  438.   0.7  -1.6
2017 220  7  -3.5   0.2   0.3   80517.   2.8  441.   0.5  -1.1
2017 220  8  -2.1   1.3  -0.7   84369.   3.5  447.   0.2  -0.6
2017 220  9  -2.6   0.1  -0.8   73601.   3.1  447.   0.9  -0.8
2017 220 10  -2.2  -0.4  -0.2   80228.   3.6  444.   1.0  -0.8
2017 220 11  -2.2   1.5  -0.4   79316.   3.8  438.  -0.3  -0.6
2017 220 12  -2.8   0.9   0.3   73735.   3.9  429.  -0.2  -1.0
2017 220 13  -1.4  -0.1  -0.8   80790.   4.8  432.   0.4  -0.6
2017 220 14  -0.4   2.7  -0.9   64117.   4.5  431.  -0.4  -0.8
2017 220 15   0.7   1.1  -2.7   58416.   4.9  431.   0.1  -0.4
2017 220 16   2.8   0.4  -2.7   49394.   4.8  438.  -0.3  -0.3
2017 220 17   1.5  -0.7  -3.6   49612.   4.5  426.  -0.4   0.3
2017 220 18   0.1   2.3  -3.4   52953.   4.7  418.  -2.4  -0.1
2017 220 19  -1.2   1.0  -2.0   73159.   5.2  412.  -1.5  -1.0
2017 220 20  -3.7  -0.5   0.4   66758.   4.8  402.  -0.4  -2.5
2017 220 21  -4.1   0.8   0.2   60434.   4.7  401.  -1.4  -2.1
2017 220 22  -3.6  -0.2   1.6   58919.   5.0  401.  -1.2  -2.7
2017 220 23  -3.0   0.2   1.9   59120.   4.8  396.  -0.7  -3.2
2017 221  0  -3.4  -0.2   1.5   55427.   4.9  387.  -0.3  -2.4
2017 221  1  -3.3  -0.5  -0.0   46880.   3.9  381.  -0.3  -1.3
2017 221  2  -2.6  -2.4   1.0   54141.   4.0  396.   0.9  -2.2
2017 221  3  -2.1  -0.9   2.9   67112.   4.6  402.  -0.2  -3.0
2017 221  4  -2.0   1.0   3.0   65454.   5.2  402.  -1.4  -3.5
2017 221  5  -0.6   3.4   1.0   72085.   6.1  408.  -2.7  -1.6
2017 221  6   0.5   4.1   0.4   78903.   7.0  412.  -2.3  -1.1
2017 221  7  -2.3   1.8   3.0   79058.   6.5  405.  -1.6  -2.5
2017 221  8  -2.9   1.0   0.7   73947.   6.5  402.  -1.3  -1.8
2017 221  9  -1.7   2.5  -0.2   79339.   6.4  405.  -2.0  -1.0
2017 221 10  -4.0   2.4   2.0   46970.   3.3  390.  -1.8  -2.8
2017 221 11  -1.8   2.6   1.7   84565.   4.1  400.  -0.5  -3.1
2017 221 12   3.3   4.3   1.5   69106.   4.2  433.  -1.6  -2.1
2017 221 13   0.4   5.9   1.7   51818.   3.5  419.  -1.9  -1.4
2017 221 14   2.4   4.3   1.4   45815.   4.0  438.  -1.8  -1.0
2017 221 15   1.5   4.7   1.2   41201.   3.7  437.  -2.5  -0.1
2017 221 16   0.0   3.4   1.9   46430.   3.5  426.  -1.2  -2.2
2017 221 17  -2.2   2.6  -1.5   61912.   4.0  388.  -2.8   4.5
2017 221 18  -2.2   2.1  -1.8   59302.   4.2  386.  -1.7   4.5
2017 221 19  -0.9   2.9  -0.7   65983.   4.9  386.  -1.8   2.5
2017 221 20  -0.0   2.5   0.3   76703.   5.2  396.  -2.4   0.1
2017 221 21  -0.4   3.6  -0.1   63698.   4.4  394.  -3.2   1.4
2017 221 22  -1.2   2.4   1.0   62868.   4.3  391.  -2.3  -0.6
2017 221 23  -1.4   0.3  -1.1   77425.   4.7  401.   1.0   0.5
2017 222  0  -2.9   1.2  -2.2   80915.   4.9  394.   0.0   1.1
2017 222  1  -1.8   0.4  -1.5   84685.   5.1  399.   0.3   0.8
2017 222  2  -1.3  -2.9   1.2   79533.   4.9  400.   1.7   0.6
2017 222  3  -2.3  -0.2  -0.8   77742.   4.7  400.   0.6   1.2
2017 222  4  -3.1   1.4  -0.4   74730.   4.7  402.  -0.3   1.1
2017 222  5  -3.3   0.5   0.3   70072.   4.8  401.   0.5   0.7
2017 222  6  -3.3  -0.3   0.2   67478.   4.6  399.   1.2   0.8
2017 222  7  -2.6  -0.9   1.1   71268.   5.3  399.   1.1   0.4
2017 222  8  -3.2   0.2   0.1   70590.   5.0  395.   0.4   0.8
2017 222  9  -1.7   2.4   0.6   72650.   5.2  401.  -0.5   0.6
2017 222 10  -2.7   0.9   0.9   67846.   4.8  393.   0.7   0.5
2017 222 11  -2.7   1.3  -0.1   67961.   4.4  392.  -0.0   2.0
2017 222 12  -3.4   1.1  -1.2   60662.   4.3  385.   0.5   2.6
2017 222 13  -3.8   0.2   0.0   72097.   4.8  385.   1.2   1.3
2017 222 14  -2.5   1.5   1.0   69341.   4.8  390.  -0.6   0.2
2017 222 15  -1.0   2.9   0.1   59060.   5.1  400.  -1.5   0.9
2017 222 16   0.4   4.1   0.9   59354.   5.2  404.  -2.1   0.0
2017 222 17  -0.0   4.2   0.9   56313.   5.3  401.  -2.5  -0.2
2017 222 18  -1.1   3.8   2.0   56563.   5.2  394.  -2.4  -1.1
2017 222 19  -1.4   2.9   2.8   58098.   5.3  389.  -2.0  -1.8
2017 222 20  -2.8   1.9   2.2   56279.   5.3  379.  -1.1  -1.4
2017 222 21  -1.8   4.2  -0.3   52770.   5.5  385.  -2.9   1.1
2017 222 22  -2.2   4.6  -0.3   49422.   5.2  383.  -3.4   1.3
2017 222 23  -2.7   4.0   2.4   49096.   5.2  378.  -3.5  -0.5
